Facet	Point	X Coordinate (mm)	Y Coordinate (mm)	Z Coordinate (mm)	Element Number	Accumulated Equivalent Plastic Strain (mm/mm)
0	0	8,4962	46,	1,5857	2713	1,1546e-004
0	1	8,4118	46,	1,5857	2713	1,2322e-004
0	2	8,4192	46,	1,5312	2713	1,2673e-004
0	3	8,4872	46,	1,5312	2713	1,1297e-004
1	4	8,4962	46,	1,5857	2714	1,9074e-004
1	5	8,4118	46,	1,5857	2714	1,8055e-004
1	6	8,4084	46,	1,6506	2714	1,8634e-004
1	7	8,5003	46,	1,6506	2714	1,9254e-004
2	8	8,5003	46,	1,6506	2715	2,726e-004
2	9	8,4084	46,	1,6506	2715	2,7112e-004
2	10	8,4084	46,	1,7174	2715	2,7538e-004
2	11	8,5002	46,	1,7174	2715	2,7639e-004
3	12	8,5002	46,	1,7174	2716	2,7875e-004
3	13	8,4084	46,	1,7174	2716	2,6523e-004
3	14	8,4118	46,	1,7816	2716	2,5755e-004
3	15	8,4962	46,	1,7816	2716	2,7252e-004
4	16	8,4962	46,	1,7816	2717	1,9956e-004
4	17	8,4118	46,	1,7816	2717	1,9102e-004
4	18	8,4192	46,	1,8362	2717	1,8704e-004
4	19	8,4872	46,	1,8362	2717	1,9875e-004
5	20	8,4872	46,	1,8362	2718	1,5054e-004
5	21	8,4192	46,	1,8362	2718	1,2851e-004
5	22	8,4192	46,	1,8562	2718	1,3031e-004
5	23	8,4872	46,	1,8562	2718	1,4599e-004
6	24	8,5087	46,	1,5857	2725	1,1035e-004
6	25	8,5548	46,	1,5857	2725	1,1769e-004
6	26	8,5345	46,	1,5312	2725	1,0919e-004
6	27	8,4974	46,	1,5312	2725	1,0637e-004
7	28	8,5548	46,	1,5857	2726	1,5336e-004
7	29	8,5087	46,	1,5857	2726	1,6615e-004
7	30	8,5139	46,	1,6506	2726	1,6564e-004
7	31	8,5641	46,	1,6506	2726	1,4394e-004
8	32	8,5641	46,	1,6506	2727	1,4638e-004
8	33	8,5139	46,	1,6506	2727	1,4913e-004
8	34	8,5139	46,	1,7174	2727	1,8412e-004
8	35	8,5641	46,	1,7174	2727	1,775e-004
9	36	8,5641	46,	1,7174	2728	3,4342e-004
9	37	8,5139	46,	1,7174	2728	3,0688e-004
9	38	8,5087	46,	1,7816	2728	2,8609e-004
9	39	8,5549	46,	1,7816	2728	3,422e-004
10	40	8,5549	46,	1,7816	2729	3,2372e-004
10	41	8,5087	46,	1,7816	2729	3,2922e-004
10	42	8,4974	46,	1,8362	2729	2,967e-004
10	43	8,5345	46,	1,8362	2729	2,9909e-004
11	44	8,5345	46,	1,8362	2730	1,556e-004
11	45	8,4974	46,	1,8362	2730	1,47e-004
11	46	8,4974	46,	1,8562	2730	1,5442e-004
11	47	8,5345	46,	1,8562	2730	1,435e-004
12	48	8,5087	46,	1,5857	2731	1,0828e-004
12	49	8,4962	46,	1,5857	2731	1,062e-004
12	50	8,4872	46,	1,5312	2731	1,0229e-004
12	51	8,4974	46,	1,5312	2731	1,0429e-004
13	52	8,4962	46,	1,5857	2732	1,7216e-004
13	53	8,5087	46,	1,5857	2732	1,681e-004
13	54	8,5139	46,	1,6506	2732	1,6814e-004
13	55	8,5003	46,	1,6506	2732	1,735e-004
14	56	8,5003	46,	1,6506	2733	1,6815e-004
14	57	8,5139	46,	1,6506	2733	1,6545e-004
14	58	8,5139	46,	1,7174	2733	1,9308e-004
14	59	8,5002	46,	1,7174	2733	1,9559e-004
15	60	8,5002	46,	1,7174	2734	2,9492e-004
15	61	8,5139	46,	1,7174	2734	3,0575e-004
15	62	8,5087	46,	1,7816	2734	2,8459e-004
15	63	8,4962	46,	1,7816	2734	2,7209e-004
16	64	8,4962	46,	1,7816	2735	3,1635e-004
16	65	8,5087	46,	1,7816	2735	3,1682e-004
16	66	8,4974	46,	1,8362	2735	2,9092e-004
16	67	8,4872	46,	1,8362	2735	2,9361e-004
17	68	8,4872	46,	1,8362	2736	1,4695e-004
17	69	8,4974	46,	1,8362	2736	1,4869e-004
17	70	8,4974	46,	1,8562	2736	1,5038e-004
17	71	8,4872	46,	1,8562	2736	1,5147e-004
18	72	8,4018	46,	1,5857	2749	1,9387e-004
18	73	8,3261	46,	1,5857	2749	1,854e-004
18	74	8,3501	46,	1,5312	2749	2,2428e-004
18	75	8,4112	46,	1,5312	2749	1,7407e-004
19	76	8,4018	46,	1,5857	2750	2,4557e-004
19	77	8,3261	46,	1,5857	2750	2,3431e-004
19	78	8,3151	46,	1,6506	2750	2,831e-004
19	79	8,3976	46,	1,6506	2750	2,4956e-004
20	80	8,3976	46,	1,6506	2751	1,5252e-004
20	81	8,3151	46,	1,6506	2751	1,2818e-004
20	82	8,3152	46,	1,7174	2751	1,1072e-004
20	83	8,3976	46,	1,7174	2751	1,3086e-004
21	84	8,3976	46,	1,7174	2752	1,7564e-004
21	85	8,3152	46,	1,7174	2752	1,6022e-004
21	86	8,3261	46,	1,7816	2752	1,6011e-004
21	87	8,4018	46,	1,7816	2752	1,7734e-004
22	88	8,4018	46,	1,7816	2753	2,0761e-004
22	89	8,3261	46,	1,7816	2753	1,8075e-004
22	90	8,3501	46,	1,8362	2753	1,7316e-004
22	91	8,4112	46,	1,8362	2753	2,0987e-004
23	92	8,4112	46,	1,8362	2754	1,188e-004
23	93	8,3501	46,	1,8362	2754	1,0854e-004
23	94	8,3501	46,	1,8562	2754	1,0965e-004
23	95	8,4112	46,	1,8562	2754	1,1334e-004
24	96	8,4018	46,	1,5857	2755	1,6568e-004
24	97	8,4118	46,	1,5857	2755	1,6164e-004
24	98	8,4192	46,	1,5312	2755	1,64e-004
24	99	8,4112	46,	1,5312	2755	1,6708e-004
25	100	8,4118	46,	1,5857	2756	2,2922e-004
25	101	8,4018	46,	1,5857	2756	2,3277e-004
25	102	8,3976	46,	1,6506	2756	2,3973e-004
25	103	8,4084	46,	1,6506	2756	2,3874e-004
26	104	8,4084	46,	1,6506	2757	2,0585e-004
26	105	8,3976	46,	1,6506	2757	2,02e-004
26	106	8,3976	46,	1,7174	2757	1,9171e-004
26	107	8,4084	46,	1,7174	2757	1,9469e-004
27	108	8,4084	46,	1,7174	2758	2,1631e-004
27	109	8,3976	46,	1,7174	2758	2,1184e-004
27	110	8,4018	46,	1,7816	2758	2,1177e-004
27	111	8,4118	46,	1,7816	2758	2,1308e-004
28	112	8,4118	46,	1,7816	2759	2,0922e-004
28	113	8,4018	46,	1,7816	2759	2,0708e-004
28	114	8,4112	46,	1,8362	2759	2,1066e-004
28	115	8,4192	46,	1,8362	2759	2,1093e-004
29	116	8,4192	46,	1,8362	2760	1,3024e-004
29	117	8,4112	46,	1,8362	2760	1,3177e-004
29	118	8,4112	46,	1,8562	2760	1,3087e-004
29	119	8,4192	46,	1,8562	2760	1,2996e-004
30	120	8,5548	46,	1,5857	2791	1,0705e-004
30	121	8,6546	46,	1,5857	2791	7,0568e-005
30	122	8,6149	46,	1,5312	2791	6,1351e-005
30	123	8,5345	46,	1,5312	2791	1,0034e-004
31	124	8,5548	46,	1,5857	2792	3,4393e-005
31	125	8,6546	46,	1,5857	2792	2,4883e-005
31	126	8,6728	46,	1,6506	2792	1,9425e-005
31	127	8,5641	46,	1,6506	2792	3,3642e-005
32	128	8,5641	46,	1,6506	2793	6,2012e-005
32	129	8,6728	46,	1,6506	2793	3,4422e-005
32	130	8,6727	46,	1,7174	2793	3,9827e-005
32	131	8,5641	46,	1,7174	2793	7,5685e-005
33	132	8,5641	46,	1,7174	2794	1,3898e-004
33	133	8,6727	46,	1,7174	2794	8,5938e-005
33	134	8,6547	46,	1,7816	2794	1,2784e-004
33	135	8,5549	46,	1,7816	2794	1,9964e-004
34	136	8,5549	46,	1,7816	2795	3,0669e-004
34	137	8,6547	46,	1,7816	2795	3,7849e-004
34	138	8,6149	46,	1,8362	2795	3,7701e-004
34	139	8,5345	46,	1,8362	2795	2,6994e-004
35	140	8,5345	46,	1,8362	2796	2,7099e-004
35	141	8,6149	46,	1,8362	2796	9,6514e-004
35	142	8,6149	46,	1,8562	2796	8,3259e-004
35	143	8,5345	46,	1,8562	2796	2,5347e-004
36	144	8,248	46,	1,5857	2827	3,1389e-004
36	145	8,2454	46,	1,5857	2827	3,1266e-004
36	146	8,2851	46,	1,5312	2827	2,5946e-004
36	147	8,2872	46,	1,5312	2827	2,5953e-004
37	148	8,2454	46,	1,5857	2828	6,289e-005
37	149	8,248	46,	1,5857	2828	6,5853e-005
37	150	8,2301	46,	1,6506	2828	1,0818e-005
37	151	8,2272	46,	1,6506	2828	8,8639e-006
38	152	8,2272	46,	1,6506	2829	3,821e-006
38	153	8,2301	46,	1,6506	2829	4,1465e-006
38	154	8,2301	46,	1,7174	2829	4,603e-006
38	155	8,2273	46,	1,7174	2829	4,4357e-006
39	156	8,2273	46,	1,7174	2830	4,9897e-006
39	157	8,2301	46,	1,7174	2830	5,2633e-006
39	158	8,2479	46,	1,7816	2830	2,6957e-005
39	159	8,2453	46,	1,7816	2830	2,6168e-005
40	160	8,2453	46,	1,7816	2831	1,6187e-004
40	161	8,2479	46,	1,7816	2831	1,6096e-004
40	162	8,2872	46,	1,8362	2831	1,8613e-004
40	163	8,2851	46,	1,8362	2831	1,8802e-004
41	164	8,2851	46,	1,8362	2832	4,2207e-004
41	165	8,2872	46,	1,8362	2832	4,1265e-004
41	166	8,2872	46,	1,8562	2832	3,7153e-004
41	167	8,2851	46,	1,8562	2832	3,7998e-004
42	168	8,248	46,	1,5857	2833	3,1806e-004
42	169	8,3261	46,	1,5857	2833	3,7274e-004
42	170	8,3501	46,	1,5312	2833	2,8216e-004
42	171	8,2872	46,	1,5312	2833	2,5494e-004
43	172	8,3261	46,	1,5857	2834	1,4867e-004
43	173	8,248	46,	1,5857	2834	7,1322e-005
43	174	8,2301	46,	1,6506	2834	2,5694e-005
43	175	8,3151	46,	1,6506	2834	7,5633e-005
44	176	8,3151	46,	1,6506	2835	2,671e-005
44	177	8,2301	46,	1,6506	2835	8,4521e-006
44	178	8,2301	46,	1,7174	2835	8,8208e-006
44	179	8,3152	46,	1,7174	2835	2,1769e-005
45	180	8,3152	46,	1,7174	2836	2,9811e-005
45	181	8,2301	46,	1,7174	2836	1,3594e-005
45	182	8,2479	46,	1,7816	2836	3,4158e-005
45	183	8,3261	46,	1,7816	2836	6,1251e-005
46	184	8,3261	46,	1,7816	2837	1,662e-004
46	185	8,2479	46,	1,7816	2837	1,7169e-004
46	186	8,2872	46,	1,8362	2837	1,8677e-004
46	187	8,3501	46,	1,8362	2837	1,4639e-004
47	188	8,3501	46,	1,8362	2838	1,5833e-004
47	189	8,2872	46,	1,8362	2838	4,0807e-004
47	190	8,2872	46,	1,8562	2838	3,759e-004
47	191	8,3501	46,	1,8562	2838	1,4729e-004
