Facet	Point	X Coordinate (mm)	Y Coordinate (mm)	Z Coordinate (mm)	Element Number	Accumulated Equivalent Plastic Strain (mm/mm)
0	0	8,4962	46,	1,5857	2713	1,843e-004
0	1	8,4118	46,	1,5857	2713	1,9609e-004
0	2	8,4192	46,	1,5312	2713	2,0131e-004
0	3	8,4872	46,	1,5312	2713	1,81e-004
1	4	8,4962	46,	1,5857	2714	2,9684e-004
1	5	8,4118	46,	1,5857	2714	2,8306e-004
1	6	8,4084	46,	1,6506	2714	2,9219e-004
1	7	8,5003	46,	1,6506	2714	2,9939e-004
2	8	8,5003	46,	1,6506	2715	4,2155e-004
2	9	8,4084	46,	1,6506	2715	4,2113e-004
2	10	8,4084	46,	1,7174	2715	4,2741e-004
2	11	8,5002	46,	1,7174	2715	4,27e-004
3	12	8,5002	46,	1,7174	2716	4,29e-004
3	13	8,4084	46,	1,7174	2716	4,0834e-004
3	14	8,4118	46,	1,7816	2716	3,9789e-004
3	15	8,4962	46,	1,7816	2716	4,1938e-004
4	16	8,4962	46,	1,7816	2717	3,0578e-004
4	17	8,4118	46,	1,7816	2717	2,9404e-004
4	18	8,4192	46,	1,8362	2717	2,88e-004
4	19	8,4872	46,	1,8362	2717	3,0456e-004
5	20	8,4872	46,	1,8362	2718	2,331e-004
5	21	8,4192	46,	1,8362	2718	2,0022e-004
5	22	8,4192	46,	1,8562	2718	2,03e-004
5	23	8,4872	46,	1,8562	2718	2,2624e-004
6	24	8,5087	46,	1,5857	2725	1,7745e-004
6	25	8,5548	46,	1,5857	2725	1,8788e-004
6	26	8,5345	46,	1,5312	2725	1,7659e-004
6	27	8,4974	46,	1,5312	2725	1,7238e-004
7	28	8,5548	46,	1,5857	2726	2,4281e-004
7	29	8,5087	46,	1,5857	2726	2,6198e-004
7	30	8,5139	46,	1,6506	2726	2,6119e-004
7	31	8,5641	46,	1,6506	2726	2,2759e-004
8	32	8,5641	46,	1,6506	2727	2,2423e-004
8	33	8,5139	46,	1,6506	2727	2,2921e-004
8	34	8,5139	46,	1,7174	2727	2,786e-004
8	35	8,5641	46,	1,7174	2727	2,6858e-004
9	36	8,5641	46,	1,7174	2728	5,2861e-004
9	37	8,5139	46,	1,7174	2728	4,7153e-004
9	38	8,5087	46,	1,7816	2728	4,3926e-004
9	39	8,5549	46,	1,7816	2728	5,2793e-004
10	40	8,5549	46,	1,7816	2729	5,0155e-004
10	41	8,5087	46,	1,7816	2729	5,1143e-004
10	42	8,4974	46,	1,8362	2729	4,582e-004
10	43	8,5345	46,	1,8362	2729	4,6159e-004
11	44	8,5345	46,	1,8362	2730	2,4079e-004
11	45	8,4974	46,	1,8362	2730	2,2828e-004
11	46	8,4974	46,	1,8562	2730	2,3822e-004
11	47	8,5345	46,	1,8562	2730	2,2236e-004
12	48	8,5087	46,	1,5857	2731	1,7397e-004
12	49	8,4962	46,	1,5857	2731	1,7098e-004
12	50	8,4872	46,	1,5312	2731	1,6547e-004
12	51	8,4974	46,	1,5312	2731	1,6861e-004
13	52	8,4962	46,	1,5857	2732	2,7098e-004
13	53	8,5087	46,	1,5857	2732	2,6479e-004
13	54	8,5139	46,	1,6506	2732	2,6457e-004
13	55	8,5003	46,	1,6506	2732	2,7279e-004
14	56	8,5003	46,	1,6506	2733	2,579e-004
14	57	8,5139	46,	1,6506	2733	2,538e-004
14	58	8,5139	46,	1,7174	2733	2,9325e-004
14	59	8,5002	46,	1,7174	2733	2,9748e-004
15	60	8,5002	46,	1,7174	2734	4,5361e-004
15	61	8,5139	46,	1,7174	2734	4,7056e-004
15	62	8,5087	46,	1,7816	2734	4,3729e-004
15	63	8,4962	46,	1,7816	2734	4,1773e-004
16	64	8,4962	46,	1,7816	2735	4,9005e-004
16	65	8,5087	46,	1,7816	2735	4,9069e-004
16	66	8,4974	46,	1,8362	2735	4,4919e-004
16	67	8,4872	46,	1,8362	2735	4,5328e-004
17	68	8,4872	46,	1,8362	2736	2,2838e-004
17	69	8,4974	46,	1,8362	2736	2,309e-004
17	70	8,4974	46,	1,8562	2736	2,3334e-004
17	71	8,4872	46,	1,8562	2736	2,351e-004
18	72	8,4018	46,	1,5857	2749	3,0461e-004
18	73	8,3261	46,	1,5857	2749	2,8988e-004
18	74	8,3501	46,	1,5312	2749	3,5177e-004
18	75	8,4112	46,	1,5312	2749	2,7447e-004
19	76	8,4018	46,	1,5857	2750	3,8025e-004
19	77	8,3261	46,	1,5857	2750	3,6382e-004
19	78	8,3151	46,	1,6506	2750	4,4168e-004
19	79	8,3976	46,	1,6506	2750	3,8716e-004
20	80	8,3976	46,	1,6506	2751	2,3411e-004
20	81	8,3151	46,	1,6506	2751	1,9869e-004
20	82	8,3152	46,	1,7174	2751	1,7211e-004
20	83	8,3976	46,	1,7174	2751	2,0247e-004
21	84	8,3976	46,	1,7174	2752	2,694e-004
21	85	8,3152	46,	1,7174	2752	2,4564e-004
21	86	8,3261	46,	1,7816	2752	2,4569e-004
21	87	8,4018	46,	1,7816	2752	2,7191e-004
22	88	8,4018	46,	1,7816	2753	3,207e-004
22	89	8,3261	46,	1,7816	2753	2,7841e-004
22	90	8,3501	46,	1,8362	2753	2,6655e-004
22	91	8,4112	46,	1,8362	2753	3,2422e-004
23	92	8,4112	46,	1,8362	2754	1,8555e-004
23	93	8,3501	46,	1,8362	2754	1,7012e-004
23	94	8,3501	46,	1,8562	2754	1,7186e-004
23	95	8,4112	46,	1,8562	2754	1,7738e-004
24	96	8,4018	46,	1,5857	2755	2,5981e-004
24	97	8,4118	46,	1,5857	2755	2,5369e-004
24	98	8,4192	46,	1,5312	2755	2,5759e-004
24	99	8,4112	46,	1,5312	2755	2,6237e-004
25	100	8,4118	46,	1,5857	2756	3,5664e-004
25	101	8,4018	46,	1,5857	2756	3,6231e-004
25	102	8,3976	46,	1,6506	2756	3,7277e-004
25	103	8,4084	46,	1,6506	2756	3,7095e-004
26	104	8,4084	46,	1,6506	2757	3,1641e-004
26	105	8,3976	46,	1,6506	2757	3,1058e-004
26	106	8,3976	46,	1,7174	2757	2,9427e-004
26	107	8,4084	46,	1,7174	2757	2,9873e-004
27	108	8,4084	46,	1,7174	2758	3,3216e-004
27	109	8,3976	46,	1,7174	2758	3,2499e-004
27	110	8,4018	46,	1,7816	2758	3,2485e-004
27	111	8,4118	46,	1,7816	2758	3,272e-004
28	112	8,4118	46,	1,7816	2759	3,2144e-004
28	113	8,4018	46,	1,7816	2759	3,1777e-004
28	114	8,4112	46,	1,8362	2759	3,2335e-004
28	115	8,4192	46,	1,8362	2759	3,2408e-004
29	116	8,4192	46,	1,8362	2760	2,0276e-004
29	117	8,4112	46,	1,8362	2760	2,0508e-004
29	118	8,4112	46,	1,8562	2760	2,0377e-004
29	119	8,4192	46,	1,8562	2760	2,0239e-004
30	120	8,5548	46,	1,5857	2791	1,7602e-004
30	121	8,6546	46,	1,5857	2791	1,2364e-004
30	122	8,6149	46,	1,5312	2791	1,0763e-004
30	123	8,5345	46,	1,5312	2791	1,6376e-004
31	124	8,5548	46,	1,5857	2792	6,1532e-005
31	125	8,6546	46,	1,5857	2792	4,7821e-005
31	126	8,6728	46,	1,6506	2792	3,4235e-005
31	127	8,5641	46,	1,6506	2792	5,5527e-005
32	128	8,5641	46,	1,6506	2793	9,4307e-005
32	129	8,6728	46,	1,6506	2793	5,6131e-005
32	130	8,6727	46,	1,7174	2793	6,3644e-005
32	131	8,5641	46,	1,7174	2793	1,1367e-004
33	132	8,5641	46,	1,7174	2794	2,0591e-004
33	133	8,6727	46,	1,7174	2794	1,2898e-004
33	134	8,6547	46,	1,7816	2794	1,9076e-004
33	135	8,5549	46,	1,7816	2794	2,9575e-004
34	136	8,5549	46,	1,7816	2795	4,6853e-004
34	137	8,6547	46,	1,7816	2795	5,7862e-004
34	138	8,6149	46,	1,8362	2795	5,8029e-004
34	139	8,5345	46,	1,8362	2795	4,1129e-004
35	140	8,5345	46,	1,8362	2796	4,1573e-004
35	141	8,6149	46,	1,8362	2796	1,8876e-003
35	142	8,6149	46,	1,8562	2796	1,5452e-003
35	143	8,5345	46,	1,8562	2796	3,8953e-004
36	144	8,248	46,	1,5857	2827	4,9121e-004
36	145	8,2454	46,	1,5857	2827	4,8919e-004
36	146	8,2851	46,	1,5312	2827	3,9787e-004
36	147	8,2872	46,	1,5312	2827	3,9805e-004
37	148	8,2454	46,	1,5857	2828	1,0209e-004
37	149	8,248	46,	1,5857	2828	1,0647e-004
37	150	8,2301	46,	1,6506	2828	1,9945e-005
37	151	8,2272	46,	1,6506	2828	1,6806e-005
38	152	8,2272	46,	1,6506	2829	6,6551e-006
38	153	8,2301	46,	1,6506	2829	7,3233e-006
38	154	8,2301	46,	1,7174	2829	8,2491e-006
38	155	8,2273	46,	1,7174	2829	7,8906e-006
39	156	8,2273	46,	1,7174	2830	8,8659e-006
39	157	8,2301	46,	1,7174	2830	9,4022e-006
39	158	8,2479	46,	1,7816	2830	4,791e-005
39	159	8,2453	46,	1,7816	2830	4,6742e-005
40	160	8,2453	46,	1,7816	2831	2,4631e-004
40	161	8,2479	46,	1,7816	2831	2,4501e-004
40	162	8,2872	46,	1,8362	2831	2,8305e-004
40	163	8,2851	46,	1,8362	2831	2,858e-004
41	164	8,2851	46,	1,8362	2832	6,7327e-004
41	165	8,2872	46,	1,8362	2832	6,5798e-004
41	166	8,2872	46,	1,8562	2832	5,8544e-004
41	167	8,2851	46,	1,8562	2832	5,9884e-004
42	168	8,248	46,	1,5857	2833	4,9664e-004
42	169	8,3261	46,	1,5857	2833	5,8962e-004
42	170	8,3501	46,	1,5312	2833	4,3551e-004
42	171	8,2872	46,	1,5312	2833	3,913e-004
43	172	8,3261	46,	1,5857	2834	2,2863e-004
43	173	8,248	46,	1,5857	2834	1,1409e-004
43	174	8,2301	46,	1,6506	2834	4,6168e-005
43	175	8,3151	46,	1,6506	2834	1,2162e-004
44	176	8,3151	46,	1,6506	2835	4,8742e-005
44	177	8,2301	46,	1,6506	2835	1,5655e-005
44	178	8,2301	46,	1,7174	2835	1,6442e-005
44	179	8,3152	46,	1,7174	2835	4,0568e-005
45	180	8,3152	46,	1,7174	2836	5,2505e-005
45	181	8,2301	46,	1,7174	2836	2,5432e-005
45	182	8,2479	46,	1,7816	2836	5,8699e-005
45	183	8,3261	46,	1,7816	2836	9,8217e-005
46	184	8,3261	46,	1,7816	2837	2,5452e-004
46	185	8,2479	46,	1,7816	2837	2,6151e-004
46	186	8,2872	46,	1,8362	2837	2,8395e-004
46	187	8,3501	46,	1,8362	2837	2,244e-004
47	188	8,3501	46,	1,8362	2838	2,4446e-004
47	189	8,2872	46,	1,8362	2838	6,4995e-004
47	190	8,2872	46,	1,8562	2838	5,9315e-004
47	191	8,3501	46,	1,8562	2838	2,2759e-004
