Facet	Point	X Coordinate (mm)	Y Coordinate (mm)	Z Coordinate (mm)	Element Number	Accumulated Equivalent Plastic Strain (mm/mm)
0	0	8,4962	46,	1,5857	2713	2,2307e-004
0	1	8,4118	46,	1,5857	2713	2,3604e-004
0	2	8,4192	46,	1,5312	2713	2,4271e-004
0	3	8,4872	46,	1,5312	2713	2,2041e-004
1	4	8,4962	46,	1,5857	2714	3,6113e-004
1	5	8,4118	46,	1,5857	2714	3,4267e-004
1	6	8,4084	46,	1,6506	2714	3,5337e-004
1	7	8,5003	46,	1,6506	2714	3,6448e-004
2	8	8,5003	46,	1,6506	2715	5,2471e-004
2	9	8,4084	46,	1,6506	2715	5,2113e-004
2	10	8,4084	46,	1,7174	2715	5,2946e-004
2	11	8,5002	46,	1,7174	2715	5,3186e-004
3	12	8,5002	46,	1,7174	2716	5,3922e-004
3	13	8,4084	46,	1,7174	2716	5,1093e-004
3	14	8,4118	46,	1,7816	2716	4,9569e-004
3	15	8,4962	46,	1,7816	2716	5,2666e-004
4	16	8,4962	46,	1,7816	2717	3,7649e-004
4	17	8,4118	46,	1,7816	2717	3,5895e-004
4	18	8,4192	46,	1,8362	2717	3,5155e-004
4	19	8,4872	46,	1,8362	2717	3,7522e-004
5	20	8,4872	46,	1,8362	2718	2,8058e-004
5	21	8,4192	46,	1,8362	2718	2,4022e-004
5	22	8,4192	46,	1,8562	2718	2,4375e-004
5	23	8,4872	46,	1,8562	2718	2,7221e-004
6	24	8,5087	46,	1,5857	2725	2,1167e-004
6	25	8,5548	46,	1,5857	2725	2,2432e-004
6	26	8,5345	46,	1,5312	2725	2,0971e-004
6	27	8,4974	46,	1,5312	2725	2,0579e-004
7	28	8,5548	46,	1,5857	2726	2,9091e-004
7	29	8,5087	46,	1,5857	2726	3,1396e-004
7	30	8,5139	46,	1,6506	2726	3,1372e-004
7	31	8,5641	46,	1,6506	2726	2,7338e-004
8	32	8,5641	46,	1,6506	2727	2,7579e-004
8	33	8,5139	46,	1,6506	2727	2,81e-004
8	34	8,5139	46,	1,7174	2727	3,4692e-004
8	35	8,5641	46,	1,7174	2727	3,3419e-004
9	36	8,5641	46,	1,7174	2728	6,836e-004
9	37	8,5139	46,	1,7174	2728	6,0028e-004
9	38	8,5087	46,	1,7816	2728	5,5703e-004
9	39	8,5549	46,	1,7816	2728	6,8212e-004
10	40	8,5549	46,	1,7816	2729	6,4101e-004
10	41	8,5087	46,	1,7816	2729	6,5449e-004
10	42	8,4974	46,	1,8362	2729	5,8053e-004
10	43	8,5345	46,	1,8362	2729	5,8521e-004
11	44	8,5345	46,	1,8362	2730	2,9294e-004
11	45	8,4974	46,	1,8362	2730	2,7564e-004
11	46	8,4974	46,	1,8562	2730	2,893e-004
11	47	8,5345	46,	1,8562	2730	2,6996e-004
12	48	8,5087	46,	1,5857	2731	2,0873e-004
12	49	8,4962	46,	1,5857	2731	2,0527e-004
12	50	8,4872	46,	1,5312	2731	1,9951e-004
12	51	8,4974	46,	1,5312	2731	2,0282e-004
13	52	8,4962	46,	1,5857	2732	3,2465e-004
13	53	8,5087	46,	1,5857	2732	3,1737e-004
13	54	8,5139	46,	1,6506	2732	3,1772e-004
13	55	8,5003	46,	1,6506	2732	3,2757e-004
14	56	8,5003	46,	1,6506	2733	3,167e-004
14	57	8,5139	46,	1,6506	2733	3,1169e-004
14	58	8,5139	46,	1,7174	2733	3,6429e-004
14	59	8,5002	46,	1,7174	2733	3,6907e-004
15	60	8,5002	46,	1,7174	2734	5,7352e-004
15	61	8,5139	46,	1,7174	2734	5,9817e-004
15	62	8,5087	46,	1,7816	2734	5,5218e-004
15	63	8,4962	46,	1,7816	2734	5,2433e-004
16	64	8,4962	46,	1,7816	2735	6,243e-004
16	65	8,5087	46,	1,7816	2735	6,2528e-004
16	66	8,4974	46,	1,8362	2735	5,6761e-004
16	67	8,4872	46,	1,8362	2735	5,7362e-004
17	68	8,4872	46,	1,8362	2736	2,7518e-004
17	69	8,4974	46,	1,8362	2736	2,7874e-004
17	70	8,4974	46,	1,8562	2736	2,816e-004
17	71	8,4872	46,	1,8562	2736	2,8335e-004
18	72	8,4018	46,	1,5857	2749	3,6943e-004
18	73	8,3261	46,	1,5857	2749	3,5376e-004
18	74	8,3501	46,	1,5312	2749	4,3365e-004
18	75	8,4112	46,	1,5312	2749	3,3518e-004
19	76	8,4018	46,	1,5857	2750	4,5754e-004
19	77	8,3261	46,	1,5857	2750	4,326e-004
19	78	8,3151	46,	1,6506	2750	5,2529e-004
19	79	8,3976	46,	1,6506	2750	4,6444e-004
20	80	8,3976	46,	1,6506	2751	2,7515e-004
20	81	8,3151	46,	1,6506	2751	2,2992e-004
20	82	8,3152	46,	1,7174	2751	2,0443e-004
20	83	8,3976	46,	1,7174	2751	2,3911e-004
21	84	8,3976	46,	1,7174	2752	3,3015e-004
21	85	8,3152	46,	1,7174	2752	3,0727e-004
21	86	8,3261	46,	1,7816	2752	3,0665e-004
21	87	8,4018	46,	1,7816	2752	3,339e-004
22	88	8,4018	46,	1,7816	2753	3,9964e-004
22	89	8,3261	46,	1,7816	2753	3,4496e-004
22	90	8,3501	46,	1,8362	2753	3,2799e-004
22	91	8,4112	46,	1,8362	2753	4,0375e-004
23	92	8,4112	46,	1,8362	2754	2,246e-004
23	93	8,3501	46,	1,8362	2754	2,0467e-004
23	94	8,3501	46,	1,8562	2754	2,0716e-004
23	95	8,4112	46,	1,8562	2754	2,1457e-004
24	96	8,4018	46,	1,5857	2755	3,1472e-004
24	97	8,4118	46,	1,5857	2755	3,0719e-004
24	98	8,4192	46,	1,5312	2755	3,1328e-004
24	99	8,4112	46,	1,5312	2755	3,1934e-004
25	100	8,4118	46,	1,5857	2756	4,3221e-004
25	101	8,4018	46,	1,5857	2756	4,3881e-004
25	102	8,3976	46,	1,6506	2756	4,5047e-004
25	103	8,4084	46,	1,6506	2756	4,4878e-004
26	104	8,4084	46,	1,6506	2757	3,8186e-004
26	105	8,3976	46,	1,6506	2757	3,7398e-004
26	106	8,3976	46,	1,7174	2757	3,552e-004
26	107	8,4084	46,	1,7174	2757	3,6108e-004
27	108	8,4084	46,	1,7174	2758	4,1013e-004
27	109	8,3976	46,	1,7174	2758	4,0128e-004
27	110	8,4018	46,	1,7816	2758	4,0156e-004
27	111	8,4118	46,	1,7816	2758	4,0419e-004
28	112	8,4118	46,	1,7816	2759	3,9815e-004
28	113	8,4018	46,	1,7816	2759	3,9364e-004
28	114	8,4112	46,	1,8362	2759	4,0113e-004
28	115	8,4192	46,	1,8362	2759	4,0196e-004
29	116	8,4192	46,	1,8362	2760	2,4411e-004
29	117	8,4112	46,	1,8362	2760	2,4693e-004
29	118	8,4112	46,	1,8562	2760	2,4546e-004
29	119	8,4192	46,	1,8562	2760	2,438e-004
30	120	8,5548	46,	1,5857	2791	2,043e-004
30	121	8,6546	46,	1,5857	2791	1,4139e-004
30	122	8,6149	46,	1,5312	2791	1,2486e-004
30	123	8,5345	46,	1,5312	2791	1,9241e-004
31	124	8,5548	46,	1,5857	2792	7,7909e-005
31	125	8,6546	46,	1,5857	2792	6,1033e-005
31	126	8,6728	46,	1,6506	2792	4,8458e-005
31	127	8,5641	46,	1,6506	2792	7,4986e-005
32	128	8,5641	46,	1,6506	2793	1,2309e-004
32	129	8,6728	46,	1,6506	2793	7,6599e-005
32	130	8,6727	46,	1,7174	2793	8,6063e-005
32	131	8,5641	46,	1,7174	2793	1,4678e-004
33	132	8,5641	46,	1,7174	2794	2,6054e-004
33	133	8,6727	46,	1,7174	2794	1,6578e-004
33	134	8,6547	46,	1,7816	2794	2,4022e-004
33	135	8,5549	46,	1,7816	2794	3,7545e-004
34	136	8,5549	46,	1,7816	2795	5,9924e-004
34	137	8,6547	46,	1,7816	2795	7,6981e-004
34	138	8,6149	46,	1,8362	2795	7,6765e-004
34	139	8,5345	46,	1,8362	2795	5,2185e-004
35	140	8,5345	46,	1,8362	2796	5,2196e-004
35	141	8,6149	46,	1,8362	2796	3,1057e-003
35	142	8,6149	46,	1,8562	2796	2,41e-003
35	143	8,5345	46,	1,8562	2796	4,8475e-004
36	144	8,248	46,	1,5857	2827	5,7291e-004
36	145	8,2454	46,	1,5857	2827	5,6961e-004
36	146	8,2851	46,	1,5312	2827	4,5915e-004
36	147	8,2872	46,	1,5312	2827	4,6012e-004
37	148	8,2454	46,	1,5857	2828	1,117e-004
37	149	8,248	46,	1,5857	2828	1,1665e-004
37	150	8,2301	46,	1,6506	2828	1,8396e-005
37	151	8,2272	46,	1,6506	2828	1,4969e-005
38	152	8,2272	46,	1,6506	2829	8,345e-006
38	153	8,2301	46,	1,6506	2829	8,9633e-006
38	154	8,2301	46,	1,7174	2829	1,0063e-005
38	155	8,2273	46,	1,7174	2829	9,7905e-006
39	156	8,2273	46,	1,7174	2830	1,6223e-005
39	157	8,2301	46,	1,7174	2830	1,7171e-005
39	158	8,2479	46,	1,7816	2830	7,0226e-005
39	159	8,2453	46,	1,7816	2830	6,8667e-005
40	160	8,2453	46,	1,7816	2831	3,2409e-004
40	161	8,2479	46,	1,7816	2831	3,2202e-004
40	162	8,2872	46,	1,8362	2831	3,7402e-004
40	163	8,2851	46,	1,8362	2831	3,7811e-004
41	164	8,2851	46,	1,8362	2832	9,3475e-004
41	165	8,2872	46,	1,8362	2832	9,1227e-004
41	166	8,2872	46,	1,8562	2832	7,9658e-004
41	167	8,2851	46,	1,8562	2832	8,1595e-004
42	168	8,248	46,	1,5857	2833	5,855e-004
42	169	8,3261	46,	1,5857	2833	7,2472e-004
42	170	8,3501	46,	1,5312	2833	5,3335e-004
42	171	8,2872	46,	1,5312	2833	4,555e-004
43	172	8,3261	46,	1,5857	2834	2,5783e-004
43	173	8,248	46,	1,5857	2834	1,2495e-004
43	174	8,2301	46,	1,6506	2834	5,0574e-005
43	175	8,3151	46,	1,6506	2834	1,3463e-004
44	176	8,3151	46,	1,6506	2835	5,4522e-005
44	177	8,2301	46,	1,6506	2835	2,0432e-005
44	178	8,2301	46,	1,7174	2835	2,1749e-005
44	179	8,3152	46,	1,7174	2835	4,5964e-005
45	180	8,3152	46,	1,7174	2836	7,365e-005
45	181	8,2301	46,	1,7174	2836	3,9478e-005
45	182	8,2479	46,	1,7816	2836	8,374e-005
45	183	8,3261	46,	1,7816	2836	1,3243e-004
46	184	8,3261	46,	1,7816	2837	3,2266e-004
46	185	8,2479	46,	1,7816	2837	3,425e-004
46	186	8,2872	46,	1,8362	2837	3,7278e-004
46	187	8,3501	46,	1,8362	2837	2,825e-004
47	188	8,3501	46,	1,8362	2838	3,0194e-004
47	189	8,2872	46,	1,8362	2838	8,9765e-004
47	190	8,2872	46,	1,8562	2838	8,0669e-004
47	191	8,3501	46,	1,8562	2838	2,7913e-004
